1	23	0.0468529161983
1	25	0.0155387186342
1	2	0.0621619186676
1	27	0.0190466649982
1	24	0.00562912370627
1	82	0.0193133061073
1	134	0.0270337750516
1	4263	0.0507673940864
1	4391	0.0180668081207
1	4392	0.035739224243
2	1	0.0621619186676
2	82	0.0126136159647
3	4	0.00194628589406
3	5	0.0570858361777
3	23	0.00801511732474
3	25	0.11373104382
3	101	0.106667733838
3	118	0.0180882735443
4	5	0.0550805913751
4	6	0.0100433539449
4	39	0.0119858588679
4	100	0.00391754464867
4	3	0.00194628589406
4	101	0.00124951554394
5	4	0.0550805913751
5	6	0.0130638546764
5	100	0.0411260487134
5	23	0.0036169989318
5	103	0.0162541144851
5	3	0.0570858361777
5	102	0.00638929102227
5	101	0.00297687516677
5	22	0.0153313360621
5	38	0.0388446163457
6	4	0.0100433539449
6	5	0.0130638546764
6	40	0.00477158858882
6	50	0.00984249789359
6	103	0.0105413603876
7	15	0.0386066099042
7	216	0.0480282974899
7	8	0.0286743484235
7	9	0.0223448880381
7	8811	0.00322760169768
8	7	0.0286743484235
8	14	0.0213658675103
8	15	0.00432073992444
8	13	0.0427105845521
8	9	0.0199322052478
8	10	0.0345560861313
8	156	0.0244190551125
8	11	0.00797718171308
8	12	0.0294849110721
9	7	0.0223448880381
9	216	0.000178059508155
9	8	0.0199322052478
9	188	0.0288006214937
9	10	0.00496538310621
9	226	0.00782550094898
10	8	0.0345560861313
10	9	0.00496538310621
10	153	0.0324258506436
10	156	0.0212648258916
10	226	0.0516044463438
11	8	0.00797718171308
11	156	0.0916299306831
11	12	0.070965120005
11	115	0.0372748433607
11	114	0.0285701598884
12	113	0.0204360510273
12	8	0.0294849110721
12	13	0.0411917656732
12	11	0.070965120005
12	111	0.0299498085832
12	112	0.0152079116528
13	14	0.0236295709261
13	113	0.0218227268087
13	131	0.0396949880038
13	8	0.0427105845521
13	12	0.0411917656732
14	15	0.0291444362247
14	146	0.0227074216757
14	131	0.00339036862076
14	8	0.0213658675103
14	13	0.0236295709261
15	7	0.0386066099042
15	14	0.0291444362247
15	54	0.00756022463919
15	146	0.00251800020593
15	174	0.035145423846
15	8	0.00432073992444
15	8810	0.0185026262378
15	8811	0.0605680564665
-1	15	0.0132232943473
16	200	0.0187096962754
16	30	0.000639460343894
16	21	0.00827962859466
16	202	0.0079306435519
16	224	0.0111298609256
16	221	0.00731563393017
16	17	0.0102712145873
16	222	0.000842783594775
16	18	0.0052187408857
17	20	0.000386907891019
17	21	0.00338380514251
17	16	0.0102712145873
17	19	0.0132676582095
17	18	0.0125094488896
18	16	0.0052187408857
18	19	0.00421212025635
18	17	0.0125094488896
18	222	0.00323976937091
18	26	0.00947107069431
18	223	0.00541132017177
19	20	0.00690504376203
19	21	0.0197933509971
19	17	0.0132676582095
19	26	0.00103046015268
19	18	0.00421212025635
20	30	0.00136978395114
20	21	0.021575504478
20	19	0.00690504376203
20	17	0.000386907891019
21	30	0.014988471126
21	20	0.021575504478
21	28	0.0302403805953
21	161	0.0012500625456
21	16	0.00827962859466
21	19	0.0197933509971
21	17	0.00338380514251
21	29	0.0168259230492
21	26	0.0107955559399
22	5	0.0153313360621
22	23	0.0473182992805
22	27	0.0139500558669
22	134	0.0147626143283
22	37	0.0122017569252
22	38	0.00601532824598
23	5	0.0036169989318
23	3	0.00801511732474
23	25	0.0583731192414
23	1	0.0468529161983
23	22	0.0473182992805
23	24	0.0306004632959
24	23	0.0306004632959
24	1	0.00562912370627
24	27	0.0216706342861
25	23	0.0583731192414
25	3	0.11373104382
25	118	0.0732832088313
25	1	0.0155387186342
25	4392	0.0248125585799
25	4394	0.0115600775764
26	21	0.0107955559399
26	220	0.0050775506717
26	19	0.00103046015268
26	29	0.0140187854635
26	18	0.00947107069431
26	223	0.00621693682319
27	1	0.0190466649982
27	22	0.0139500558669
27	24	0.0216706342861
27	134	0.0239495756885
28	205	0.0263051145101
28	207	0.00565702444648
28	84	0.0531648300335
28	161	0.0389481827055
28	21	0.0302403805953
28	29	0.0190321694974
28	94	0.0126004716346
28	92	0.00776633832376
28	204	0.0422417176002
28	72	0.034776091677
28	32	0.0224587362778
29	28	0.0190321694974
29	21	0.0168259230492
29	220	0.00932979212401
29	32	0.0149386985254
29	26	0.0140187854635
29	31	0.0285120315652
30	162	0.0065648335903
30	200	0.0348866645612
30	160	0.00822972594091
30	20	0.00136978395114
30	161	0.0355595518443
30	21	0.014988471126
30	16	0.000639460343894
31	5060	0.00795979873328
31	4898	0.0171163871255
31	4899	0.00967647286068
31	5061	0.0382656383462
31	220	0.00223737210937
31	29	0.0285120315652
31	5038	0.00333605678353
31	32	0.0523470967955
32	28	0.0224587362778
32	29	0.0149386985254
32	5038	0.0105860059824
32	33	0.0410926015644
32	31	0.0523470967955
33	69	0.0239919980426
33	5038	0.00638618081392
33	58	0.0109778834084
33	65	0.0133001731896
33	71	0.0464087111665
33	72	0.00730723426696
33	32	0.0410926015644
34	35	0.0187503584018
34	36	0.039831501082
35	39	0.0121779260603
35	40	0.0133692661272
35	103	0.000592380069793
35	37	0.0406265618378
35	38	0.00310767358556
35	36	0.0380670371426
35	34	0.0187503584018
36	103	0.0158011629237
36	37	0.0733783384476
36	35	0.0380670371426
36	34	0.039831501082
36	156	0.00554407486605
36	115	0.0410318112746
36	116	0.013764411008
37	22	0.0122017569252
37	134	0.0814484577316
37	38	0.0546067554767
37	35	0.0406265618378
37	36	0.0733783384476
37	154	0.0742539665917
37	156	0.0307879536966
38	5	0.0388446163457
38	39	0.00285896903781
38	100	0.0216778978644
38	22	0.00601532824598
38	37	0.0546067554767
38	35	0.00310767358556
39	4	0.0119858588679
39	40	0.00644786119887
39	100	0.00508718258307
39	38	0.00285896903781
39	35	0.0121779260603
40	6	0.00477158858882
40	39	0.00644786119887
40	50	0.0134094281822
40	103	0.00125258899563
40	35	0.0133692661272
41	87	0.0640049302525
41	109	0.0801924022204
41	42	0.0644756909445
41	43	0.0390184320396
41	4541	0.0201566367958
42	46	0.0437182532527
42	45	0.0281284625051
42	87	0.0317970054496
42	41	0.0644756909445
42	44	0.0196195469251
42	43	0.0372769218713
42	47	0.0202753783863
43	41	0.0390184320396
43	42	0.0372769218713
43	44	0.00188994499573
43	4541	0.0519703332764
43	219	0.0684160305263
44	4973	0.000908668214907
44	45	0.0137124047713
44	193	0.0423835925894
44	4970	0.0140042579195
44	4972	0.012417871727
44	42	0.0196195469251
44	43	0.00188994499573
44	219	0.0616751178601
45	46	0.0432608153141
45	194	0.0926798243269
45	193	0.0430240842154
45	4772	0.0321434396813
45	42	0.0281284625051
45	44	0.0137124047713
46	162	0.0636784794138
46	53	0.00933112372287
46	160	0.0260885962607
46	45	0.0432608153141
46	194	0.0112738325305
46	42	0.0437182532527
46	47	0.0223145482687
47	160	0.10309560278
47	46	0.0223145482687
47	87	0.0498077949139
47	42	0.0202753783863
47	84	0.0375162205555
47	83	0.106175581749
48	201	0.00794341594334
48	4776	0.00400706505253
48	51	0.0141173410631
48	49	0.0118084374411
49	200	0.0174506726191
49	201	0.00255872094356
49	4776	0.00367415314584
49	48	0.0118084374411
49	5059	0.0089160845229
50	6	0.00984249789359
50	40	0.0134094281822
50	103	0.00423676131633
51	52	0.0110849142934
51	201	0.00344839021398
51	4776	0.00196354470481
51	48	0.0141173410631
52	53	0.0178511196277
52	201	0.00477042402956
52	4777	0.004415664143
52	51	0.0110849142934
53	162	0.0209396748406
53	52	0.0178511196277
53	201	0.0174516530481
53	4777	0.00356775576466
53	46	0.00933112372287
53	194	0.0260525236718
53	4774	0.0185438019604
53	4771	0.0419606855882
54	15	0.00756022463919
54	174	0.0311856293936
54	9105	0.0105754342728
54	9107	0.0303322530548
54	170	0.0186128724681
54	9106	0.0116536055582
54	163	0.0240721356852
54	8811	0.000183308081023
54	9104	0.0666073518374
55	9045	0.0107098424862
55	9035	0.00726460722638
55	63	0.0125760924279
55	56	0.00457116892775
55	57	0.0152700157474
55	211	0.00712851572375
56	55	0.00457116892775
56	67	0.000818729047361
56	210	0.0155747907088
56	66	0.00684978206895
56	57	0.00896331764483
56	58	0.0118151650488
56	211	0.00996952336559
56	65	0.00172280486248
57	60	0.0178788308094
57	55	0.0152700157474
57	59	0.0107691705358
57	56	0.00896331764483
57	58	0.00725671260428
58	59	0.00899640808797
58	69	0.0112804919609
58	56	0.0118151650488
58	66	0.0241276808954
58	57	0.00725671260428
58	65	0.00728965830037
58	33	0.0109778834084
59	60	0.0165358228487
59	61	0.0120474383763
59	69	0.0205105152447
59	70	0.0279899899354
59	57	0.0107691705358
59	58	0.00899640808797
60	61	0.0145086226041
60	63	0.00145399205524
60	59	0.0165358228487
60	57	0.0178788308094
61	60	0.0145086226041
61	5040	0.025647654439
61	63	0.0168716028332
61	59	0.0120474383763
61	62	0.00516592426968
62	61	0.00516592426968
62	5040	0.00848019037206
62	70	0.0210019576126
62	5038	0.00287630967501
63	9037	0.0131395040622
63	60	0.00145399205524
63	55	0.0125760924279
63	61	0.0168716028332
63	5040	0.0283344525611
63	9035	0.0278660638415
63	4844	0.00883711473135
64	76	0.0171165604419
64	68	0.0281909727868
64	65	0.00892147864971
64	71	0.0250924853831
65	67	0.00111486079955
65	56	0.00172280486248
65	66	0.0202120020071
65	58	0.00728965830037
65	64	0.00892147864971
65	68	0.0275935627198
65	33	0.0133001731896
66	56	0.00684978206895
66	58	0.0241276808954
66	65	0.0202120020071
67	209	0.0100113531208
67	210	0.0161046270778
67	56	0.000818729047361
67	76	0.0283833182084
67	208	0.0212074110356
67	68	0.00234362032906
67	65	0.00111486079955
68	67	0.00234362032906
68	76	0.0146602587075
68	64	0.0281909727868
68	65	0.0275935627198
69	59	0.0205105152447
69	70	0.0134839906649
69	5038	0.0269056293189
69	58	0.0112804919609
69	33	0.0239919980426
70	59	0.0279899899354
70	62	0.0210019576126
70	69	0.0134839906649
70	5038	0.0234538324216
71	178	0.00167323987702
71	76	0.00516479063502
71	64	0.0250924853831
71	72	0.0474867883546
71	33	0.0464087111665
72	207	0.0375199572285
72	28	0.034776091677
72	74	0.000832217409706
72	178	0.00200912823613
72	73	0.00810022315065
72	75	0.0240739756829
72	71	0.0474867883546
72	33	0.00730723426696
73	74	0.0180122530311
73	178	0.0172982971545
73	72	0.00810022315065
74	176	0.0290181823638
74	206	0.00114623085492
74	178	0.00219594932818
74	73	0.0180122530311
74	75	0.0242621489783
74	72	0.000832217409706
75	207	0.00569565527226
75	74	0.0242621489783
75	72	0.0240739756829
76	67	0.0283833182084
76	178	0.00568889588775
76	208	0.028973815675
76	64	0.0171165604419
76	68	0.0146602587075
76	71	0.00516479063502
77	78	0.0339754675052
77	82	0.0312788334551
77	134	0.0977522030001
77	79	0.0504963769734
77	149	0.0210611679457
77	154	0.0543227639736
78	82	0.0761692511274
78	77	0.0339754675052
78	79	0.0480248664886
78	80	0.0303081236375
78	4260	0.0696879598884
78	4263	0.0232761042325
78	81	0.108750089996
79	78	0.0480248664886
79	77	0.0504963769734
79	80	0.0168426723705
79	198	0.0619451522109
79	149	0.0308957779147
79	151	0.0198735211396
80	78	0.0303081236375
80	79	0.0168426723705
80	81	0.0404422227913
80	158	0.0572269750987
80	196	0.00265080771747
80	197	0.00350111151612
81	78	0.108750089996
81	80	0.0404422227913
81	4260	0.0776194158999
81	4264	0.0534227157233
81	159	0.0166796351681
81	158	0.0496144855311
81	196	0.0682100884845
82	1	0.0193133061073
82	2	0.0126136159647
82	78	0.0761692511274
82	134	0.0720538106726
82	77	0.0312788334551
82	4263	0.104595961788
83	87	0.0109419679095
83	84	0.0087097505027
83	85	0.0245599532381
83	86	0.0473609169909
83	47	0.106175581749
83	89	0.0429258184333
84	160	0.0399530264583
84	28	0.0531648300335
84	161	0.0288549122396
84	92	0.00572767527202
84	85	0.037993929628
84	83	0.0087097505027
84	47	0.0375162205555
85	84	0.037993929628
85	96	0.0160320372399
85	92	0.0185140621656
85	83	0.0245599532381
85	88	0.0248059284253
86	87	0.0307119599536
86	91	0.014428022201
86	83	0.0473609169909
86	89	0.0178550473496
87	108	0.0528026845375
87	109	0.0862070682829
87	41	0.0640049302525
87	42	0.0317970054496
87	91	0.0639149173453
87	86	0.0307119599536
87	83	0.0109419679095
87	47	0.0498077949139
88	96	0.00409554084048
88	97	0.0783507673869
88	85	0.0248059284253
88	98	0.0229364703681
88	110	0.0134277661989
88	89	0.0461493332731
89	91	0.0312027667974
89	86	0.0178550473496
89	83	0.0429258184333
89	110	0.00192335633687
89	90	0.0472743127094
89	88	0.0461493332731
90	102	0.00439247985126
90	91	0.0315938658216
90	110	0.0460077358637
90	117	0.0353881577396
90	89	0.0472743127094
91	102	0.046641948224
91	101	0.00839308631182
91	108	0.054703782475
91	87	0.0639149173453
91	86	0.014428022201
91	90	0.0315938658216
91	89	0.0312027667974
92	28	0.00776633832376
92	84	0.00572767527202
92	94	0.0155207308567
92	95	0.00756197735336
92	85	0.0185140621656
92	93	0.00936230068397
93	94	0.0278978208844
93	95	0.0220556802387
93	92	0.00936230068397
93	98	0.00260719160271
93	99	0.0056681988817
94	28	0.0126004716346
94	144	0.0387267730979
94	92	0.0155207308567
94	204	0.0179873241533
94	93	0.0278978208844
94	99	0.0215953543574
94	104	0.0189396700601
94	173	0.0532835385631
94	225	0.00414943715697
94	137	0.0195835562964
95	96	0.024428675101
95	92	0.00756197735336
95	93	0.0220556802387
95	98	0.00579235983814
96	95	0.024428675101
96	85	0.0160320372399
96	98	0.00328579259446
96	88	0.00409554084048
97	98	0.0149277240697
97	99	0.0115353013088
97	104	0.0313812708699
97	110	0.0121503895913
97	88	0.0783507673869
98	96	0.00328579259446
98	95	0.00579235983814
98	97	0.0149277240697
98	93	0.00260719160271
98	99	0.0310118068832
98	88	0.0229364703681
99	94	0.0215953543574
99	97	0.0115353013088
99	93	0.0056681988817
99	98	0.0310118068832
99	104	0.00295815089265
100	4	0.00391754464867
100	5	0.0411260487134
100	39	0.00508718258307
100	38	0.0216778978644
101	4	0.00124951554394
101	5	0.00297687516677
101	3	0.106667733838
101	102	0.080412147816
101	118	0.0195897730236
101	108	0.014112454606
101	91	0.00839308631182
102	5	0.00638929102227
102	103	0.0247818387848
102	101	0.080412147816
102	91	0.046641948224
102	110	0.0229344861164
102	117	0.0404419353012
102	90	0.00439247985126
102	116	0.00814449146613
103	5	0.0162541144851
103	6	0.0105413603876
103	40	0.00125258899563
103	50	0.00423676131633
103	102	0.0247818387848
103	35	0.000592380069793
103	36	0.0158011629237
103	116	0.0307323109431
104	94	0.0189396700601
104	97	0.0313812708699
104	99	0.00295815089265
104	107	0.0310929650633
104	110	0.00672429764043
104	119	0.0115315332781
104	225	0.0328347022631
105	107	0.0174810880952
105	133	0.00466610967177
105	106	0.00871080970546
105	225	0.061600592568
106	105	0.00871080970546
106	133	0.0197298688536
106	116	0.0120984439636
106	111	0.00666801078887
106	225	9.90202706453e-05
107	104	0.0310929650633
107	105	0.0174810880952
107	133	0.00941383643792
107	119	0.000160449526457
107	225	0.00868469233379
108	4563	0.00231821576074
108	4646	0.0114579538418
108	101	0.014112454606
108	118	0.000110163778574
108	157	0.0910665637086
108	213	0.0475901971906
108	87	0.0528026845375
108	109	0.0181686498609
108	91	0.054703782475
109	4563	0.0153293461894
109	4565	0.0411890355572
109	108	0.0181686498609
109	87	0.0862070682829
109	41	0.0801924022204
109	4541	0.0142275682653
110	102	0.0229344861164
110	97	0.0121503895913
110	104	0.00672429764043
110	117	0.0438115067935
110	90	0.0460077358637
110	88	0.0134277661989
110	89	0.00192335633687
110	192	0.012000600732
110	116	0.0205885873993
110	119	0.0488092407684
111	12	0.0299498085832
111	115	0.0188844452582
111	114	0.0306868201499
111	116	0.00814259807891
111	106	0.00666801078887
111	225	0.0141143988001
111	112	0.0208231077313
112	132	0.0303711759324
112	113	0.0555170501229
112	120	0.00575544223863
112	12	0.0152079116528
112	111	0.0208231077313
112	225	0.0474569753709
112	137	0.0238771776054
113	131	0.0272530048563
113	120	0.0018877611498
113	127	0.00300498927266
113	13	0.0218227268087
113	12	0.0204360510273
113	112	0.0555170501229
114	11	0.0285701598884
114	115	0.0311902770312
114	111	0.0306868201499
115	36	0.0410318112746
115	156	0.00578334374897
115	11	0.0372748433607
115	114	0.0311902770312
115	116	0.0495864333302
115	111	0.0188844452582
116	103	0.0307323109431
116	102	0.00814449146613
116	36	0.013764411008
116	110	0.0205885873993
116	133	0.00304150725459
116	115	0.0495864333302
116	192	0.0416597375692
116	106	0.0120984439636
116	119	0.0190222801463
116	111	0.00814259807891
117	102	0.0404419353012
117	110	0.0438115067935
117	90	0.0353881577396
118	3	0.0180882735443
118	25	0.0732832088313
118	101	0.0195897730236
118	157	0.0992535188193
118	108	0.000110163778574
118	214	0.0269719737432
118	4394	0.058369821682
119	104	0.0115315332781
119	107	0.000160449526457
119	110	0.0488092407684
119	133	0.0368246480165
119	192	0.0275623756889
119	116	0.0190222801463
120	132	0.0118472599251
120	113	0.0018877611498
120	127	0.0145558671786
120	121	0.0162940522055
120	112	0.00575544223863
121	125	0.0109138873455
121	122	0.00931623097205
121	120	0.0162940522055
121	123	0.00528800590595
121	124	0.0040418956273
122	139	0.0377320421793
122	125	0.0321693735598
122	135	0.00765457434631
122	136	0.0209565482907
122	132	0.00382193756575
122	138	0.0286596459393
122	121	0.00931623097205
123	127	0.00469231808445
123	121	0.00528800590595
123	128	0.00115526821187
123	129	0.00291587900658
123	124	0.00903779034054
124	125	0.00277828085214
124	121	0.0040418956273
124	126	0.00871677605521
124	123	0.00903779034054
124	129	0.0109098647004
125	122	0.0321693735598
125	135	0.014349132583
125	121	0.0109138873455
125	126	0.00311465018716
125	145	0.0167905961828
125	124	0.00277828085214
126	125	0.00311465018716
126	146	0.0199440858682
126	131	0.0148313105319
126	130	0.0108848323391
126	145	0.0295295998299
126	163	0.00920538040328
126	129	0.0143842892188
126	124	0.00871677605521
127	113	0.00300498927266
127	131	0.00572287694811
127	120	0.0145558671786
127	130	0.00861430120025
127	128	0.00537982243447
127	123	0.00469231808445
128	127	0.00537982243447
128	130	0.0143949343868
128	123	0.00115526821187
128	129	0.00558044772335
129	130	0.00431345728742
129	128	0.00558044772335
129	126	0.0143842892188
129	123	0.00291587900658
129	124	0.0109098647004
130	131	0.00755672915131
130	127	0.00861430120025
130	128	0.0143949343868
130	126	0.0108848323391
130	129	0.00431345728742
131	14	0.00339036862076
131	146	0.0131798032853
131	113	0.0272530048563
131	127	0.00572287694811
131	130	0.00755672915131
131	13	0.0396949880038
131	126	0.0148313105319
132	122	0.00382193756575
132	138	0.0356954545342
132	120	0.0118472599251
132	137	0.0114504360469
132	112	0.0303711759324
133	105	0.00466610967177
133	107	0.00941383643792
133	116	0.00304150725459
133	106	0.0197298688536
133	119	0.0368246480165
134	1	0.0270337750516
134	27	0.0239495756885
134	22	0.0147626143283
134	82	0.0720538106726
134	77	0.0977522030001
134	37	0.0814484577316
134	154	0.0170860887421
135	125	0.014349132583
135	122	0.00765457434631
135	183	0.0189099898186
135	136	0.0026889591088
135	148	0.00797152129976
135	147	0.013791928393
136	142	0.0120373129538
136	175	0.00395584196816
136	195	0.0254994638103
136	139	0.00654402303114
136	122	0.0209565482907
136	143	0.0282299018009
136	135	0.0026889591088
136	183	0.0106684252049
136	184	0.0143261675414
136	180	0.0176965778244
137	94	0.0195835562964
137	144	0.0332796367663
137	132	0.0114504360469
137	138	0.0114890492119
137	225	0.00640737315045
137	112	0.0238771776054
138	144	0.00590452795836
138	139	0.0281680076401
138	122	0.0286596459393
138	132	0.0356954545342
138	140	0.00946206966413
138	137	0.0114890492119
139	141	0.00895293351815
139	142	0.0101376806287
139	122	0.0377320421793
139	143	0.00488740860562
139	136	0.00654402303114
139	138	0.0281680076401
139	140	0.0148939564858
140	144	0.0098134246566
140	165	0.017237834563
140	141	0.00887783777558
140	139	0.0148939564858
140	138	0.00946206966413
141	144	0.0248710747208
141	165	0.0134892584952
141	166	0.0162510796096
141	142	0.0097625590789
141	139	0.00895293351815
141	140	0.00887783777558
142	141	0.0097625590789
142	166	0.0265742038476
142	175	0.0180640186724
142	195	0.0127410851674
142	203	0.00728572687802
142	139	0.0101376806287
142	143	0.0228861180745
142	136	0.0120373129538
143	142	0.0228861180745
143	195	0.0111458087878
143	139	0.00488740860562
143	136	0.0282299018009
144	94	0.0387267730979
144	165	0.0274385147821
144	141	0.0248710747208
144	204	0.0132131250523
144	173	0.0160034789374
144	138	0.00590452795836
144	140	0.0098134246566
144	137	0.0332796367663
145	125	0.0167905961828
145	126	0.0295295998299
145	148	0.0216729094441
145	163	0.0113980179416
146	14	0.0227074216757
146	15	0.00251800020593
146	164	0.0340622758365
146	174	0.0192747202935
146	131	0.0131798032853
146	126	0.0199440858682
146	163	0.00417774619432
147	135	0.013791928393
147	171	0.0115416352429
147	168	0.00443164125561
147	148	0.0241067015379
148	135	0.00797152129976
148	145	0.0216729094441
148	147	0.0241067015379
148	163	0.011466388794
149	77	0.0210611679457
149	79	0.0308957779147
149	151	0.0505338878808
149	150	0.0204755244727
149	154	0.0886963474448
149	155	0.023335009615
149	181	0.00335556929346
150	149	0.0204755244727
150	151	0.0166438866045
150	152	0.0168401517101
151	79	0.0198735211396
151	198	0.0117973119443
151	149	0.0505338878808
151	150	0.0166438866045
151	152	0.016247838537
151	212	0.0676645436146
151	182	0.0196221160852
151	181	0.0188107933065
152	151	0.016247838537
152	150	0.0168401517101
153	154	0.0789721956985
153	10	0.0324258506436
153	156	0.0525328373024
153	226	0.018668290928
153	155	0.0304510852946
153	190	0.0134389684955
154	134	0.0170860887421
154	77	0.0543227639736
154	37	0.0742539665917
154	149	0.0886963474448
154	153	0.0789721956985
154	156	0.0176807281244
154	155	0.0218266044346
155	149	0.023335009615
155	154	0.0218266044346
155	153	0.0304510852946
155	182	0.0548050007383
155	181	0.0172733053357
155	190	0.0398961074494
156	37	0.0307879536966
156	36	0.00554407486605
156	154	0.0176807281244
156	8	0.0244190551125
156	153	0.0525328373024
156	10	0.0212648258916
156	11	0.0916299306831
156	115	0.00578334374897
157	4646	0.0224380466108
157	118	0.0992535188193
157	108	0.0910665637086
157	4393	0.0778268176749
157	214	0.027268330145
157	4394	0.00138463134687
158	199	0.0710838697316
158	80	0.0572269750987
158	198	0.0705754786644
158	159	0.117212089147
158	81	0.0496144855311
158	196	0.0316077023777
158	197	0.0315124398954
-1	158	0.0362080861427
159	4302	0.0245601995247
159	4264	0.139317372114
159	81	0.0166796351681
159	158	0.117212089147
-1	159	0.137130418876
160	162	0.0599428987661
160	46	0.0260885962607
160	30	0.00822972594091
160	84	0.0399530264583
160	161	0.0333554742648
160	47	0.10309560278
161	160	0.0333554742648
161	30	0.0355595518443
161	28	0.0389481827055
161	84	0.0288549122396
161	21	0.0012500625456
162	53	0.0209396748406
162	200	0.0189646327773
162	201	0.0269904705055
162	160	0.0599428987661
162	46	0.0636784794138
162	30	0.0065648335903
163	54	0.0240721356852
163	146	0.00417774619432
163	164	0.0228637509869
163	168	0.0180045923906
163	170	0.00956798799973
163	126	0.00920538040328
163	145	0.0113980179416
163	148	0.011466388794
164	146	0.0340622758365
164	174	0.0157631333211
164	163	0.0228637509869
165	144	0.0274385147821
165	141	0.0134892584952
165	140	0.017237834563
166	141	0.0162510796096
166	204	0.0273978934579
166	142	0.0265742038476
166	203	0.0165171526839
167	183	0.0119529932091
167	184	0.0109828870815
167	171	0.00905001549825
167	168	0.0144518900816
167	180	0.0244605742834
167	169	0.0149713344031
168	171	0.0202747729104
168	170	0.0400035688398
168	167	0.0144518900816
168	169	0.00891074687988
168	147	0.00443164125561
168	163	0.0180045923906
169	175	0.016988993739
169	177	0.0238765074272
169	179	0.0484227970916
169	168	0.00891074687988
169	172	0.0366459791953
169	180	0.0368449776007
169	167	0.0149713344031
170	54	0.0186128724681
170	168	0.0400035688398
170	172	0.0143218209302
170	8896	0.00634926211341
170	9106	0.017631305848
170	163	0.00956798799973
171	183	0.0161745044731
171	168	0.0202747729104
171	167	0.00905001549825
171	147	0.0115416352429
172	179	0.00239612814115
172	170	0.0143218209302
172	8895	0.0225677072578
172	8896	0.00905319530337
172	169	0.0366459791953
173	94	0.0532835385631
173	144	0.0160034789374
174	15	0.035145423846
174	54	0.0311856293936
174	146	0.0192747202935
174	164	0.0157631333211
175	142	0.0180640186724
175	176	0.0234515334102
175	177	0.00719645912058
175	203	0.0146038275515
175	136	0.00395584196816
175	169	0.016988993739
176	175	0.0234515334102
176	177	0.00850240806904
176	203	0.0021005548759
176	206	0.0167956756008
176	74	0.0290181823638
176	178	0.0066271852144
177	175	0.00719645912058
177	176	0.00850240806904
177	179	0.0196452823926
177	178	0.0184498041824
177	169	0.0238765074272
178	176	0.0066271852144
178	177	0.0184498041824
178	74	0.00219594932818
178	179	0.0788573464747
178	73	0.0172982971545
178	76	0.00568889588775
178	208	0.043872604445
178	9017	0.00592561671888
178	71	0.00167323987702
178	72	0.00200912823613
179	177	0.0196452823926
179	178	0.0788573464747
179	9017	0.0256839666465
179	172	0.00239612814115
179	8895	0.0412965624493
179	169	0.0484227970916
179	9016	0.00687984850742
180	184	0.0215517136023
180	136	0.0176965778244
180	167	0.0244605742834
180	169	0.0368449776007
181	149	0.00335556929346
181	151	0.0188107933065
181	182	0.00565407788832
181	155	0.0172733053357
182	151	0.0196221160852
182	191	0.0119703920287
182	212	0.019405153169
182	189	0.0682378942676
182	155	0.0548050007383
182	181	0.00565407788832
182	190	0.0185232214846
183	135	0.0189099898186
183	184	0.0189916506019
183	136	0.0106684252049
183	171	0.0161745044731
183	167	0.0119529932091
184	183	0.0189916506019
184	136	0.0143261675414
184	180	0.0215517136023
184	167	0.0109828870815
185	216	0.0469345885219
185	186	0.019819348602
185	188	0.00551209310506
185	8810	0.0477774191907
-1	185	0.0406502271819
186	185	0.019819348602
186	187	0.0585155178013
186	188	0.00251692828715
186	190	0.0383887453194
-1	186	0.0490740546003
187	186	0.0585155178013
187	188	0.039314150921
187	226	0.0320250966749
187	190	0.0228262981863
188	185	0.00551209310506
188	216	0.0195846188159
188	9	0.0288006214937
188	186	0.00251692828715
188	187	0.039314150921
188	226	0.0105439555207
189	191	0.0305791320136
189	182	0.0682378942676
189	190	0.00641311822042
-1	189	0.0494374531744
190	186	0.0383887453194
190	187	0.0228262981863
190	153	0.0134389684955
190	226	0.0258002155526
190	189	0.00641311822042
190	182	0.0185232214846
190	155	0.0398961074494
190	215	0.0306291869659
190	217	0.0171223884418
190	218	0.0208776568163
-1	190	0.0451360940908
191	212	0.105728302231
191	189	0.0305791320136
191	182	0.0119703920287
-1	191	0.0770134631116
192	110	0.012000600732
192	116	0.0416597375692
192	119	0.0275623756889
193	45	0.0430240842154
193	4772	0.00599889190084
193	4972	0.00670287741429
193	44	0.0423835925894
194	53	0.0260525236718
194	46	0.0112738325305
194	45	0.0926798243269
194	4772	0.0260659134835
194	4771	0.0283540326234
195	142	0.0127410851674
195	143	0.0111458087878
195	136	0.0254994638103
196	80	0.00265080771747
196	81	0.0682100884845
196	158	0.0316077023777
196	197	0.027736246457
197	80	0.00350111151612
197	158	0.0315124398954
197	196	0.027736246457
198	79	0.0619451522109
198	199	0.0833049967542
198	151	0.0117973119443
198	212	0.0580878407802
198	158	0.0705754786644
199	198	0.0833049967542
199	212	0.0491123225036
199	158	0.0710838697316
-1	199	0.120289090838
200	162	0.0189646327773
200	201	0.0196558005618
200	49	0.0174506726191
200	5059	0.0232256592076
200	30	0.0348866645612
200	202	0.00186252501851
200	16	0.0187096962754
201	162	0.0269904705055
201	53	0.0174516530481
201	52	0.00477042402956
201	200	0.0196558005618
201	51	0.00344839021398
201	48	0.00794341594334
201	49	0.00255872094356
202	200	0.00186252501851
202	5059	0.0221439891698
202	5060	0.0371133611686
202	16	0.0079306435519
202	224	0.0182999729854
202	221	0.00166461152825
202	220	0.00195912437419
203	205	0.0172877453992
203	204	0.00712939851621
203	166	0.0165171526839
203	142	0.00728572687802
203	175	0.0146038275515
203	176	0.0021005548759
203	206	0.0129937483378
204	205	0.0407369998972
204	28	0.0422417176002
204	94	0.0179873241533
204	144	0.0132131250523
204	166	0.0273978934579
204	203	0.00712939851621
205	207	0.0728728519194
205	28	0.0263051145101
205	204	0.0407369998972
205	203	0.0172877453992
205	206	0.0104003189655
206	205	0.0104003189655
206	207	0.0172227830716
206	176	0.0167956756008
206	203	0.0129937483378
206	74	0.00114623085492
207	205	0.0728728519194
207	28	0.00565702444648
207	206	0.0172227830716
207	75	0.00569565527226
207	72	0.0375199572285
208	209	0.0159759847926
208	67	0.0212074110356
208	178	0.043872604445
208	76	0.028973815675
208	9017	0.0311171343737
209	9039	0.00353844631122
209	67	0.0100113531208
209	210	0.00724889339287
209	211	0.0205340030773
209	208	0.0159759847926
209	9017	0.0228849858216
209	9244	0.00979209947835
210	209	0.00724889339287
210	67	0.0161046270778
210	56	0.0155747907088
210	211	0.0104664978972
211	55	0.00712851572375
211	9045	0.0046320286759
211	209	0.0205340030773
211	210	0.0104664978972
211	56	0.00996952336559
212	199	0.0491123225036
212	198	0.0580878407802
212	151	0.0676645436146
212	191	0.105728302231
212	182	0.019405153169
-1	212	0.0297827755674
213	4646	0.025523788463
213	108	0.0475901971906
214	118	0.0269719737432
214	157	0.027268330145
215	190	0.0306291869659
215	217	0.009230304167
215	218	0.00964229745076
216	7	0.0480282974899
216	185	0.0469345885219
216	9	0.000178059508155
216	188	0.0195846188159
216	8810	0.00402599243373
217	190	0.0171223884418
217	215	0.009230304167
217	218	0.00992970519722
218	190	0.0208776568163
218	215	0.00964229745076
218	217	0.00992970519722
219	4973	0.0178033399927
219	4976	0.0245920915515
219	44	0.0616751178601
219	43	0.0684160305263
219	4541	0.000814371766266
220	5060	0.012136736556
220	202	0.00195912437419
220	221	0.00591191381712
220	29	0.00932979212401
220	222	0.00502523555064
220	26	0.0050775506717
220	31	0.00223737210937
220	223	0.0115764566471
221	202	0.00166461152825
221	16	0.00731563393017
221	224	0.00721092403122
221	220	0.00591191381712
221	222	0.0099897982952
222	16	0.000842783594775
222	221	0.0099897982952
222	220	0.00502523555064
222	18	0.00323976937091
222	223	0.00666279723321
223	220	0.0115764566471
223	222	0.00666279723321
223	26	0.00621693682319
223	18	0.00541132017177
224	202	0.0182999729854
224	16	0.0111298609256
224	221	0.00721092403122
225	94	0.00414943715697
225	104	0.0328347022631
225	105	0.061600592568
225	107	0.00868469233379
225	106	9.90202706453e-05
225	111	0.0141143988001
225	137	0.00640737315045
225	112	0.0474569753709
226	9	0.00782550094898
226	187	0.0320250966749
226	188	0.0105439555207
226	153	0.018668290928
226	10	0.0516044463438
226	190	0.0258002155526
227	9240	0.00592315977367
227	228	0.0130426454846
227	7071	0.0111708151571
227	284	0.0212583848667
227	280	0.00529142934164
228	227	0.0130426454846
228	309	0.0308217298449
228	7071	0.0167024683267
228	280	0.0169018703175
229	252	0.00709405096397
229	281	0.00180636013585
229	231	0.00545313752177
229	339	0.00721241496831
229	230	0.00841655785026
230	252	0.0497781367956
230	229	0.00841655785026
230	231	0.00929458030999
230	232	0.00072891178932
230	8760	0.0280216362809
230	234	0.0575936307481
230	233	0.0181156414792
230	244	0.0136231253555
230	245	0.00680638257559
230	251	0.0594238079593
231	229	0.00545313752177
231	339	0.00266228938768
231	232	0.00495337149137
231	230	0.00929458030999
232	281	0.00354963147738
232	231	0.00495337149137
232	339	0.00682312502481
232	8760	0.0225377690475
232	8759	0.0095280444106
232	230	0.00072891178932
-1	232	0.000432403964001
233	8759	0.00782821768641
233	236	0.000278299003596
233	273	0.0813467250926
233	290	0.0104481992365
233	234	0.0454991901391
233	230	0.0181156414792
233	243	0.0375924238357
233	235	0.0113037836996
233	244	0.0266471341575
233	237	0.00436835685061
233	272	0.046114722648
233	271	0.0231618929056
233	267	0.00474844633382
233	341	0.00115997422683
233	288	0.0236796057164
234	290	0.0256118672529
234	233	0.0454991901391
234	230	0.0575936307481
234	289	0.0653893159992
234	316	0.0528903427333
234	251	0.0176095898665
235	236	0.00076255563947
235	233	0.0113037836996
235	243	0.00672402611345
235	237	0.0049484665874
236	238	0.0119367614396
236	239	0.00711065183744
236	241	0.000782707308768
236	233	0.000278299003596
236	235	0.00076255563947
236	237	0.0107729065395
236	341	0.0111092231911
237	8759	0.0133582125585
237	241	0.0193202372882
237	236	0.0107729065395
237	233	0.00436835685061
237	243	0.00359143061715
237	235	0.0049484665874
237	244	0.00551317351066
238	239	0.00129507853404
238	247	0.0126704868986
238	242	0.00495171480069
238	241	2.69355616537e-05
238	236	0.0119367614396
239	238	0.00129507853404
239	8787	0.0148730539179
239	8759	0.00407494656699
239	236	0.00711065183744
239	297	0.0046556752306
239	341	0.00634936990223
240	246	0.0120060976071
240	242	0.00729845239861
240	241	0.0182828160987
240	244	0.00139985852774
240	245	0.00352472364326
241	238	2.69355616537e-05
241	242	0.000975090645073
241	240	0.0182828160987
241	236	0.000782707308768
241	244	0.000801625860515
241	237	0.0193202372882
242	238	0.00495171480069
242	246	0.00768649206626
242	247	0.00810917288629
242	240	0.00729845239861
242	241	0.000975090645073
243	8759	0.00169581586508
243	233	0.0375924238357
243	235	0.00672402611345
243	237	0.00359143061715
244	8759	0.00396058821813
244	240	0.00139985852774
244	241	0.000801625860515
244	233	0.0266471341575
244	230	0.0136231253555
244	245	0.0247988407627
244	237	0.00551317351066
245	8760	0.0108160796674
245	246	0.0210801674326
245	240	0.00352472364326
245	230	0.00680638257559
245	244	0.0247988407627
246	8760	0.0119473041434
246	8759	0.00760506986804
246	247	0.0141981581888
246	242	0.00768649206626
246	240	0.0120060976071
246	245	0.0210801674326
247	238	0.0126704868986
247	8759	0.0449103442462
247	246	0.0141981581888
247	242	0.00810917288629
248	298	0.0063341740338
248	249	0.00557259377343
248	264	0.0138798781607
248	325	0.0128009577427
249	286	0.0064237880102
249	298	0.0266833463235
249	264	0.00282835798218
249	248	0.00557259377343
249	325	0.00310348091185
249	326	0.00272852267778
249	309	0.0359499555035
249	280	0.0302660672032
250	253	0.0631713289312
250	8786	0.0213169173457
250	331	0.075469838395
250	308	0.0158034901321
250	251	0.0520805625745
250	282	0.0210353293957
251	252	0.0200720618935
251	234	0.0176095898665
251	230	0.0594238079593
251	253	0.0523050270596
251	250	0.0520805625745
251	316	0.0391285474274
251	282	0.0501208932682
252	281	0.0590151195411
252	229	0.00709405096397
252	230	0.0497781367956
252	251	0.0200720618935
252	282	0.0129813994132
253	319	0.151914263487
253	8786	0.0722797314477
253	250	0.0631713289312
253	316	0.0406786968557
253	308	0.0437683185467
253	251	0.0523050270596
253	789	0.0114079309655
253	7748	0.0240344808711
253	8785	0.00931278849929
-1	253	0.025094152484
254	287	0.037721342061
254	278	0.0639235073149
254	311	0.0737115420933
254	255	0.0608822860292
254	312	0.0528053126397
254	265	0.00139808502562
254	309	0.0340162568256
254	7071	0.0304701162338
254	7919	0.0605996806673
255	254	0.0608822860292
256	7055	0.0414213657999
256	330	0.0536139945985
256	258	0.0662674096843
256	257	0.0697165061415
256	7008	0.024271442105
257	258	0.0011143585734
257	305	0.0128902071765
257	303	0.0324575597089
257	256	0.0697165061415
257	304	0.00840140382262
257	7008	0.00277307683153
257	261	0.00369132374901
257	299	0.0390190866567
258	257	0.0011143585734
258	256	0.0662674096843
258	259	0.0526644168799
258	260	0.0729799010185
258	261	0.0481009701992
258	262	0.0300056116172
259	258	0.0526644168799
259	260	0.0210281841847
259	262	0.032820461754
260	312	0.0106595457147
260	330	0.107063343119
260	258	0.0729799010185
260	259	0.0210281841847
260	262	0.0122042030323
260	265	0.0435125313555
261	258	0.0481009701992
261	305	0.0193726924186
261	257	0.00369132374901
261	263	0.0479349783175
261	266	0.122998983641
261	262	0.0669399781871
261	302	0.000874555194361
262	258	0.0300056116172
262	259	0.032820461754
262	260	0.0122042030323
262	298	0.0054085608148
262	264	0.0445526693354
262	263	0.136932090777
262	261	0.0669399781871
262	265	0.127089989113
263	298	0.0514564821439
263	297	0.0640630639865
263	266	0.0288610090198
263	340	0.0983939218119
263	344	0.0454381672252
263	261	0.0479349783175
263	262	0.136932090777
263	272	0.00342021774035
263	269	0.00777792195367
263	320	0.0573449012439
263	315	0.011234133446
264	286	0.0485090614588
264	298	0.00845484788989
264	249	0.00282835798218
264	248	0.0138798781607
264	325	0.00142525074999
264	326	0.0191124405358
264	262	0.0445526693354
264	265	0.0287547705407
265	286	0.00789081499774
265	254	0.00139808502562
265	278	0.0300956610832
265	285	0.00363804555956
265	275	0.00914712389023
265	274	0.0239452820533
265	312	0.0772521621954
265	338	0.0248763148506
265	260	0.0435125313555
265	264	0.0287547705407
265	335	0.012327850597
265	336	0.0105873900141
265	337	0.0115221973058
265	262	0.127089989113
-1	265	0.00353502867688
266	263	0.0288610090198
266	261	0.122998983641
266	301	0.120447784505
266	299	0.0167294201894
266	302	0.0199555922532
266	315	0.072530595613
267	233	0.00474844633382
267	272	0.0167662526091
267	269	0.00845805252435
267	271	0.00691318478937
267	270	0.00181493462399
267	268	0.0116699710041
268	269	0.0216476777894
268	267	0.0116699710041
268	270	0.0113113785733
269	263	0.00777792195367
269	272	0.128607695555
269	291	0.0349228092677
269	322	0.0496096892254
269	267	0.00845805252435
269	270	0.00872442410423
269	268	0.0216476777894
269	293	0.00173338490338
269	320	0.0435159653259
269	288	0.0352573711073
270	269	0.00872442410423
270	271	0.0154822936854
270	267	0.00181493462399
270	268	0.0113113785733
270	288	0.00183056431767
271	273	0.00771409775542
271	233	0.0231618929056
271	267	0.00691318478937
271	270	0.0154822936854
271	288	0.0109593162628
272	233	0.046114722648
272	297	0.0222344570727
272	263	0.00342021774035
272	269	0.128607695555
272	267	0.0167662526091
272	341	0.0148294513996
272	329	0.0225633722653
273	233	0.0813467250926
273	271	0.00771409775542
274	278	0.0158281081335
274	276	0.010087660475
274	265	0.0239452820533
-1	274	9.38929708918e-05
275	285	0.0158380649687
275	277	0.00462442020331
275	276	0.00657049915361
275	265	0.00914712389023
275	9252	0.00408526547391
276	278	0.00513443938256
276	275	0.00657049915361
276	277	0.00416237726373
276	274	0.010087660475
-1	276	0.00344113570598
277	278	0.00414367818323
277	285	0.00344959719519
277	275	0.00462442020331
277	276	0.00416237726373
278	287	0.0564824983108
278	254	0.0639235073149
278	285	0.0105937636761
278	277	0.00414367818323
278	276	0.00513443938256
278	274	0.0158281081335
278	265	0.0300956610832
279	280	0.0779136380805
280	298	0.00896918106155
280	249	0.0302660672032
280	281	0.0698162251924
280	279	0.0779136380805
280	227	0.00529142934164
280	228	0.0169018703175
280	309	0.0455461427704
280	283	0.018902243406
280	284	0.060476691298
280	282	0.0273318183371
281	298	0.0571519141938
281	252	0.0590151195411
281	229	0.00180636013585
281	339	0.00834991550522
281	232	0.00354963147738
281	8759	0.0240784823964
281	282	0.0520927900357
281	280	0.0698162251924
282	252	0.0129813994132
282	281	0.0520927900357
282	250	0.0210353293957
282	331	0.0294753446559
282	283	0.0844725779266
282	251	0.0501208932682
282	280	0.0273318183371
283	331	0.0596799958512
283	306	0.115368698037
283	284	0.0522726544285
283	282	0.0844725779266
283	280	0.018902243406
284	227	0.0212583848667
284	7071	0.0164956460539
284	7314	0.0198600704999
284	306	0.0712640296376
284	283	0.0522726544285
284	5673	0.0632139177123
284	7198	0.0119666475345
284	280	0.060476691298
285	286	0.01123960951
285	287	0.019174120314
285	278	0.0105937636761
285	275	0.0158380649687
285	277	0.00344959719519
285	265	0.00363804555956
285	9252	0.0152288832381
286	287	0.0426207200837
286	285	0.01123960951
286	249	0.0064237880102
286	264	0.0485090614588
286	265	0.00789081499774
286	309	0.00418258831035
287	286	0.0426207200837
287	254	0.037721342061
287	278	0.0564824983108
287	285	0.019174120314
287	309	0.0300548434756
288	290	0.0358503884396
288	233	0.0236796057164
288	4527	0.0410022046121
288	289	0.0409155235454
288	291	0.0161975403116
288	269	0.0352573711073
288	271	0.0109593162628
288	270	0.00183056431767
288	293	0.0850782721822
288	292	0.0822961763557
288	4631	0.0386525388426
288	4619	0.0270315838021
289	290	0.0572977616428
289	234	0.0653893159992
289	4527	0.0524406881943
289	288	0.0409155235454
289	4526	0.0384249347227
289	317	0.0645717577811
290	234	0.0256118672529
290	233	0.0104481992365
290	289	0.0572977616428
290	288	0.0358503884396
291	269	0.0349228092677
291	293	0.0286932000232
291	288	0.0161975403116
292	293	0.0416253998445
292	288	0.0822961763557
293	4642	0.00244181176281
293	291	0.0286932000232
293	269	0.00173338490338
293	324	0.0836459478685
